1 周杰伦 人事部 2023 3 9600.00 9350.00
30 张杰 开发部 2023 6 9965.00 9678.50
29 方大同 人事部 2023 5 9600.00 9350.00
28 蔡依林 人事部 2023 5 9600.00 9350.00
27 邓寓君 人事部 2023 5 9600.00 9350.00
26 杨丞琳 人事部 2023 5 9600.00 9350.00
25 杨宗纬 人事部 2023 5 9600.00 9350.00
24 王心凌 人事部 2023 5 9600.00 9350.00
23 张子豪 人事部 2023 5 9600.00 9350.00
22 刘若英 人事部 2023 5 9600.00 9350.00
29 方大同 人事部 2023 4 9600.00 9350.00
28 蔡依林 人事部 2023 4 9600.00 9350.00
27 邓寓君 人事部 2023 4 9600.00 9350.00
26 杨丞琳 人事部 2023 4 9600.00 9350.00
25 杨宗纬 人事部 2023 4 9600.00 9350.00
24 王心凌 人事部 2023 4 9600.00 9350.00
23 张子豪 人事部 2023 4 9600.00 9350.00
22 刘若英 人事部 2023 4 9600.00 9350.00
29 方大同 人事部 2023 3 9600.00 9350.00
28 蔡依林 人事部 2023 3 9600.00 9350.00
27 邓寓君 人事部 2023 3 9600.00 9350.00
26 杨丞琳 人事部 2023 3 9600.00 9350.00
25 杨宗纬 人事部 2023 3 9600.00 9350.00
24 王心凌 人事部 2023 3 9600.00 9350.00
23 张子豪 人事部 2023 3 9600.00 9350.00
22 刘若英 人事部 2023 3 9600.00 9350.00
21 刘德华 开发部 2023 5 15000.00 14210.00
20 张学友 开发部 2023 5 15000.00 14210.00
19 梁静茹 开发部 2023 5 15000.00 14210.00
18 张信哲 开发部 2023 5 15000.00 14210.00
17 容祖儿 开发部 2023 5 15000.00 14210.00
16 毛不易 开发部 2023 5 15000.00 14210.00
15 孙燕姿 开发部 2023 5 15000.00 14210.00
21 刘德华 开发部 2023 4 15000.00 14210.00
20 张学友 开发部 2023 4 15000.00 14210.00
19 梁静茹 开发部 2023 4 15000.00 14210.00
18 张信哲 开发部 2023 4 15000.00 14210.00
17 容祖儿 开发部 2023 4 15000.00 14210.00
16 毛不易 开发部 2023 4 15000.00 14210.00
15 孙燕姿 开发部 2023 4 15000.00 14210.00
21 刘德华 开发部 2023 3 15000.00 14210.00
20 张学友 开发部 2023 3 15000.00 14210.00
19 梁静茹 开发部 2023 3 15000.00 14210.00
18 张信哲 开发部 2023 3 15000.00 14210.00
17 容祖儿 开发部 2023 3 15000.00 14210.00
16 毛不易 开发部 2023 3 15000.00 14210.00
15 孙燕姿 开发部 2023 3 15000.00 14210.00
14 蓝心羽 营销部 2023 5 9800.00 7530.00
13 王力宏 营销部 2023 5 9800.00 7530.00
12 李克勤 营销部 2023 5 9800.00 7530.00
11 周传雄 营销部 2023 5 9800.00 7530.00
10 李荣浩 营销部 2023 5 9800.00 7530.00
9 张碧晨 营销部 2023 5 9800.00 7530.00
8 陈奕迅 营销部 2023 5 9800.00 7530.00
6 五月天 营销部 2023 5 9800.00 8500.00
5 邓紫棋 营销部 2023 5 9800.00 9000.00
2 薛之嫌 营销部 2023 5 9800.00 9530.00
3 林俊杰 营销部 2023 5 15000.00 14210.00
14 蓝心羽 营销部 2023 4 9800.00 7530.00
13 王力宏 营销部 2023 4 9800.00 7530.00
12 李克勤 营销部 2023 4 9800.00 7530.00
11 周传雄 营销部 2023 4 9800.00 7530.00
10 李荣浩 营销部 2023 4 9800.00 7530.00
9 张碧晨 营销部 2023 4 9800.00 7530.00
8 陈奕迅 营销部 2023 4 9800.00 7530.00
6 五月天 营销部 2023 4 9800.00 8500.00
5 邓紫棋 营销部 2023 4 9800.00 9000.00
2 薛之嫌 营销部 2023 4 9800.00 9530.00
3 林俊杰 营销部 2023 4 15000.00 14210.00
14 蓝心羽 营销部 2023 3 9800.00 7530.00
13 王力宏 营销部 2023 3 9800.00 7530.00
12 李克勤 营销部 2023 3 9800.00 7530.00
11 周传雄 营销部 2023 3 9800.00 7530.00
10 李荣浩 营销部 2023 3 9800.00 7530.00
9 张碧晨 营销部 2023 3 9800.00 7530.00
8 陈奕迅 营销部 2023 3 9800.00 7530.00
6 五月天 营销部 2023 3 9800.00 8500.00
5 邓紫棋 营销部 2023 3 9800.00 9000.00
2 薛之嫌 营销部 2023 3 9800.00 9530.00
3 林俊杰 营销部 2023 3 15000.00 14210.00
